-0.839072
-0.849783
-0.860155
-0.870183
-0.879863
-0.889191
-0.898163
-0.906776
-0.915027
-0.922911
-0.930426
-0.937569
-0.944337
-0.950728
-0.956738
-0.962365
-0.967607
-0.972463
-0.976929
-0.981005
-0.984688
-0.987977
-0.990871
-0.993369
-0.99547
-0.997172
-0.998476
-0.99938
-0.999884
-0.999989
-0.999693
-0.998998
-0.997903
-0.996409
-0.994516
-0.992225
-0.989538
-0.986455
-0.982977
-0.979106
-0.974844
-0.970191
-0.965151
-0.959724
-0.953914
-0.947722
-0.941151
-0.934203
-0.926882
-0.91919
-0.91113
-0.902706
-0.893921
-0.884778
-0.875282
-0.865435
-0.855242
-0.844707
-0.833835
-0.822628
-0.811093
-0.799233
-0.787054
-0.77456
-0.761755
-0.748647
-0.735238
-0.721536
-0.707545
-0.693271
-0.67872
-0.663897
-0.648809
-0.633461
-0.61786
-0.602012
-0.585923
-0.569599
-0.553048
-0.536276
-0.519289
-0.502094
-0.484698
-0.467109
-0.449333
-0.431377
-0.413248
-0.394955
-0.376503
-0.3579
-0.339155
-0.320274
-0.301264
-0.282135
-0.262892
-0.243544
-0.224099
-0.204564
-0.184947
-0.165257
-0.1455
-0.125685
-0.10582
-0.0859123
-0.0659704
-0.0460021
-0.0260154
-0.00601833
0.0139812
0.0339751
0.0539554
0.0739142
0.0938433
0.113735
0.133581
0.153374
0.173105
0.192767
0.212352
0.231852
0.25126
0.270567
0.289765
0.308848
0.327807
0.346635
0.365325
0.383868
0.402258
0.420487
0.438547
0.456433
0.474135
0.491648
0.508965
0.526078
0.54298
0.559665
0.576126
0.592357
0.608351
0.624102
0.639603
0.654848
0.669831
0.684547
0.698988
0.71315
0.727027
0.740613
0.753902
0.76689
0.779572
0.791941
0.803994
0.815725
0.82713
0.838204
0.848943
0.859342
0.869397
0.879105
0.888461
0.897462
0.906104
0.914383
0.922297
0.929841
0.937014
0.943812
0.950233
0.956273
0.961931
0.967204
0.97209
0.976588
0.980694
0.984409
0.98773
0.990655
0.993185
0.995317
0.997051
0.998386
0.999322
0.999859
0.999995
0.999731
0.999068
0.998004
0.996542
0.994681
0.992422
0.989766
0.986715
0.983268
0.979429
0.975197
0.970576
0.965566
0.96017
0.95439
0.948229
0.941688
0.93477
0.927478
0.919816
0.911785
0.90339
0.894634
0.88552
0.876051
0.866232
0.856067
0.845559
0.834713
0.823533
0.812024
0.800189
0.788035
0.775566
0.762786
0.749702
0.736317
0.722638
0.70867
0.694418
0.679889
0.665088
0.65002
0.634693
0.619112
0.603283
0.587213
0.570908
0.554374
0.537619
0.520649
0.503471
0.486091
0.468517
0.450755
0.432813
0.414698
0.396417
0.377978
0.359387
0.340653
0.321782
0.302783
0.283662
0.264428
0.245089
0.225651
0.206123
0.186512
0.166827
0.147076
0.127265
0.107403
0.087499
0.0675595
0.047593
0.0276075
0.00761095
-0.0123887
-0.0323833
-0.052365
-0.0723258
-0.0922576
-0.112153
-0.132003
-0.1518
-0.171536
-0.191204
-0.210796
-0.230303
-0.249718
-0.269033
-0.288241
-0.307333
-0.326302
-0.345141
-0.363842
-0.382397
-0.400799
-0.419041
-0.437115
-0.455015
-0.472732
-0.490261
-0.507593
-0.524722
-0.541642
-0.558345
-0.574824
-0.591073
-0.607087
-0.622857
-0.638378
-0.653644
-0.668648
-0.683385
-0.697848
-0.712033
-0.725932
-0.739542
-0.752855
-0.765867
-0.778573
-0.790968
-0.803046
-0.814803
-0.826234
-0.837334
-0.8481
-0.858526
-0.868609
-0.878345
-0.887729
-0.896758
-0.905429
-0.913737
-0.92168
-0.929254
-0.936457
-0.943285
-0.949735
-0.955806
-0.961494
-0.966798
-0.971715
-0.976244
-0.980382
-0.984128
-0.98748
-0.990437
-0.992998
-0.995162
-0.996928
-0.998295
-0.999263
-0.999831
-0.999999
-0.999767
-0.999135
-0.998104
-0.996673
-0.994844
-0.992617
-0.989992
-0.986972
-0.983557
-0.979749
-0.975549
-0.970958
-0.965979
-0.960614
-0.954865
-0.948733
-0.942222
-0.935335
-0.928073
-0.92044
-0.912438
-0.904072
-0.895344
-0.886258
-0.876818
-0.867027
-0.856889
-0.846408
-0.835589
-0.824435
-0.812952
-0.801144
-0.789015
-0.77657
-0.763815
-0.750755
-0.737394
-0.723738
-0.709793
-0.695563
-0.681056
-0.666276
-0.65123
-0.635923
-0.620362
-0.604552
-0.588501
-0.572215
-0.555699
-0.538961
-0.522008
-0.504846
-0.487482
-0.469923
-0.452176
-0.434248
-0.416147
-0.397879
-0.379452
-0.360873
-0.34215
-0.32329
-0.3043
-0.285189
-0.265964
-0.246632
-0.227202
-0.207681
-0.188077
-0.168397
-0.148651
-0.128844
-0.108987
-0.0890854
-0.0691484
-0.0491838
-0.0291995
-0.00920354
0.0107961
0.0307915
0.0507745
0.0707372
0.0906716
0.11057
0.130424
0.150225
0.169967
0.189641
0.209239
0.228753
0.248175
0.267499
0.286715
0.305817
0.324796
0.343646
0.362358
0.380925
0.39934
0.417595
0.435682
0.453596
0.471328
0.488872
0.50622
0.523366
0.540302
0.557023
0.57352
0.589788
0.60582
0.62161
0.637151
0.652437
0.667463
0.682221
0.696707
0.710914
0.724836
0.738469
0.751806
0.764842
0.777573
0.789992
0.802096
0.813878
0.825336
0.836463
0.847255
0.857709
0.867819
0.877583
0.886995
0.896052
0.904752
0.913089
0.921061
0.928665
0.935897
0.942755
0.949235
0.955336
0.961055
0.96639
0.971338
0.975897
0.980067
0.983844
0.987227
0.990216
0.992809
0.995004
0.996802
0.998201
0.9992
0.9998
1
0.9998
0.9992
0.998201
0.996802
0.995004
0.992809
0.990216
0.987227
0.983844
0.980067
0.975897
0.971338
0.96639
0.961055
0.955336
0.949235
0.942755
0.935897
0.928665
0.921061
0.913089
0.904752
0.896052
0.886995
0.877583
0.867819
0.857709
0.847255
0.836463
0.825336
0.813878
0.802096
0.789992
0.777573
0.764842
0.751806
0.738469
0.724836
0.710914
0.696707
0.682221
0.667463
0.652437
0.637151
0.62161
0.60582
0.589788
0.57352
0.557023
0.540302
0.523366
0.50622
0.488872
0.471328
0.453596
0.435682
0.417595
0.39934
0.380925
0.362358
0.343646
0.324796
0.305817
0.286715
0.267499
0.248175
0.228753
0.209239
0.189641
0.169967
0.150225
0.130424
0.11057
0.0906716
0.0707372
0.0507745
0.0307915
0.0107961
-0.00920354
-0.0291995
-0.0491838
-0.0691484
-0.0890854
-0.108987
-0.128844
-0.148651
-0.168397
-0.188077
-0.207681
-0.227202
-0.246632
-0.265964
-0.285189
-0.3043
-0.32329
-0.34215
-0.360873
-0.379452
-0.397879
-0.416147
-0.434248
-0.452176
-0.469923
-0.487482
-0.504846
-0.522008
-0.538961
-0.555699
-0.572215
-0.588501
-0.604552
-0.620362
-0.635923
-0.65123
-0.666276
-0.681056
-0.695563
-0.709793
-0.723738
-0.737394
-0.750755
-0.763815
-0.77657
-0.789015
-0.801144
-0.812952
-0.824435
-0.835589
-0.846408
-0.856889
-0.867027
-0.876818
-0.886258
-0.895344
-0.904072
-0.912438
-0.92044
-0.928073
-0.935335
-0.942222
-0.948733
-0.954865
-0.960614
-0.965979
-0.970958
-0.975549
-0.979749
-0.983557
-0.986972
-0.989992
-0.992617
-0.994844
-0.996673
-0.998104
-0.999135
-0.999767
-0.999999
-0.999831
-0.999263
-0.998295
-0.996928
-0.995162
-0.992998
-0.990437
-0.98748
-0.984128
-0.980382
-0.976244
-0.971715
-0.966798
-0.961494
-0.955806
-0.949735
-0.943285
-0.936457
-0.929254
-0.92168
-0.913737
-0.905429
-0.896758
-0.887729
-0.878345
-0.868609
-0.858526
-0.8481
-0.837334
-0.826234
-0.814803
-0.803046
-0.790968
-0.778573
-0.765867
-0.752855
-0.739542
-0.725932
-0.712033
-0.697848
-0.683385
-0.668648
-0.653644
-0.638378
-0.622857
-0.607087
-0.591073
-0.574824
-0.558345
-0.541642
-0.524722
-0.507593
-0.490261
-0.472732
-0.455015
-0.437115
-0.419041
-0.400799
-0.382397
-0.363842
-0.345141
-0.326302
-0.307333
-0.288241
-0.269033
-0.249718
-0.230303
-0.210796
-0.191204
-0.171536
-0.1518
-0.132003
-0.112153
-0.0922576
-0.0723258
-0.052365
-0.0323833
-0.0123887
0.00761095
0.0276075
0.047593
0.0675595
0.087499
0.107403
0.127265
0.147076
0.166827
0.186512
0.206123
0.225651
0.245089
0.264428
0.283662
0.302783
0.321782
0.340653
0.359387
0.377978
0.396417
0.414698
0.432813
0.450755
0.468517
0.486091
0.503471
0.520649
0.537619
0.554374
0.570908
0.587213
0.603283
0.619112
0.634693
0.65002
0.665088
0.679889
0.694418
0.70867
0.722638
0.736317
0.749702
0.762786
0.775566
0.788035
0.800189
0.812024
0.823533
0.834713
0.845559
0.856067
0.866232
0.876051
0.88552
0.894634
0.90339
0.911785
0.919816
0.927478
0.93477
0.941688
0.948229
0.95439
0.96017
0.965566
0.970576
0.975197
0.979429
0.983268
0.986715
0.989766
0.992422
0.994681
0.996542
0.998004
0.999068
0.999731
0.999995
0.999859
0.999322
0.998386
0.997051
0.995317
0.993185
0.990655
0.98773
0.984409
0.980694
0.976588
0.97209
0.967204
0.961931
0.956273
0.950233
0.943812
0.937014
0.929841
0.922297
0.914383
0.906104
0.897462
0.888461
0.879105
0.869397
0.859342
0.848943
0.838204
0.82713
0.815725
0.803994
0.791941
0.779572
0.76689
0.753902
0.740613
0.727027
0.71315
0.698988
0.684547
0.669831
0.654848
0.639603
0.624102
0.608351
0.592357
0.576126
0.559665
0.54298
0.526078
0.508965
0.491648
0.474135
0.456433
0.438547
0.420487
0.402258
0.383868
0.365325
0.346635
0.327807
0.308848
0.289765
0.270567
0.25126
0.231852
0.212352
0.192767
0.173105
0.153374
0.133581
0.113735
0.0938433
0.0739142
0.0539554
0.0339751
0.0139812
-0.00601833
-0.0260154
-0.0460021
-0.0659704
-0.0859123
-0.10582
-0.125685
-0.1455
-0.165257
-0.184947
-0.204564
-0.224099
-0.243544
-0.262892
-0.282135
-0.301264
-0.320274
-0.339155
-0.3579
-0.376503
-0.394955
-0.413248
-0.431377
-0.449333
-0.467109
-0.484698
-0.502094
-0.519289
-0.536276
-0.553048
-0.569599
-0.585923
-0.602012
-0.61786
-0.633461
-0.648809
-0.663897
-0.67872
-0.693271
-0.707545
-0.721536
-0.735238
-0.748647
-0.761755
-0.77456
-0.787054
-0.799233
-0.811093
-0.822628
-0.833835
-0.844707
-0.855242
-0.865435
-0.875282
-0.884778
-0.893921
-0.902706
-0.91113
-0.91919
-0.926882
-0.934203
-0.941151
-0.947722
-0.953914
-0.959724
-0.965151
-0.970191
-0.974844
-0.979106
-0.982977
-0.986455
-0.989538
-0.992225
-0.994516
-0.996409
-0.997903
-0.998998
-0.999693
-0.999989
-0.999884
-0.99938
-0.998476
-0.997172
-0.99547
-0.993369
-0.990871
-0.987977
-0.984688
-0.981005
-0.976929
-0.972463
-0.967607
-0.962365
-0.956738
-0.950728
-0.944337
-0.937569
-0.930426
-0.922911
-0.915027
-0.906776
-0.898163
-0.889191
-0.879863
-0.870183
-0.860155
-0.849783
-0.839072
